out <- c("019A", "003A", "008B", "001A", "015B", "013B", "31S")

h1 <- c("010B", "001B", "009B", "30S", "4S") #crispatus
h2 <- c("002B", "006B", "004B", "020B") #iners

bv1 <- c("010A", "006A", "009A", "012A") #BVAB1 and sneathia
bv2 <- c("27S", "016B", "008A", "012B", "014B", "013A", "017B", "018B") #Megasphaera and prevotella


all.in <- c(h1, h2, bv1, bv2)
